[]
SPLITSIZE=1.000000e-003
SPLITSIZEX=2.000000e+001
SPLITSIZEY=6.000000e+001
FORCESPLIT=1
FORCEALLSPLIT=1
m_bEnableCrossSplit=0
m_dCrossSplitLen=1.000000e-001
FINISHGOTOSPECIALPOS=0

[NOTITLE]
FOCUSLENGTH=0.000000e+000

