[NOTITLE]
MARKBYSPLIT=0
SPLITLINENUMX=0
SPLITLINENUMY=0
SPLITSIZE=1.000000e+000
PARTDIAMETER=1.130000e+001
PARTHEIGHT=1.000000e+001
FOCUSLENGTH=1.600000e+002

