[LASERMODE]
YAG=1

[Default]
LOOP=1
MARKSPEED=1.500000e+003
POWERRATIO=6.000000e+001
FREQ=20000
STARTTC=-100
LASEROFFTC=100
ENDTC=300
POLYTC=100
JUMPSPEED=4.000000e+003
JUMPPOSTC=500
JUMPDISTTC=100
m_nMinJumpDelayTCUs=10
m_nMaxJumpDelayTCUs=85
m_dJumpLengthLimit=1.000000e+001
ENACCMODE=0
BreakAngle=8.900000e+001
ENDCOMP=0.000000e+000
ACCDIST=0.000000e+000
POINTTIME=1.000000e-001
CURRENT=1.000000e+000
PULSEMODE=0
PULSENUM=1
FLYSPEED=0.000000e+000
YAGMODE=48
QPULSEWIDTH=1.000000e+000
STEPLEN=2.000000e-002
STEPDELAY=100
SPIWAVE=0
m_nFiberPWIndex=0
WOBBLEMODE=0
WOBBLEDIAMETER=1.000000e+000
WOBBLEDIST=5.000000e-001
m_bEndAddPt=0
m_nEndPointNum=1
m_dEndPointDist=1.000000e-002
m_dEndPointTime=1.000000e+000
m_nEndPointCyc=1
m_dPointDist=5.000000e-001
m_nMaxLoopNum=100
m_bEnableWeldWave=0
m_dWeldWavePower0=1.000000e+002
m_dWeldWavePower1=0.000000e+000
m_dWeldWavePower2=0.000000e+000
m_dWeldWavePower3=0.000000e+000
m_dWeldWavePower4=0.000000e+000
m_dWeldWavePower5=0.000000e+000
m_dWeldWavePower6=0.000000e+000
m_dWeldWavePower7=0.000000e+000
m_dWeldWaveWidthMs0=1.000000e+001
m_dWeldWaveWidthMs1=0.000000e+000
m_dWeldWaveWidthMs2=0.000000e+000
m_dWeldWaveWidthMs3=0.000000e+000
m_dWeldWaveWidthMs4=0.000000e+000
m_dWeldWaveWidthMs5=0.000000e+000
m_dWeldWaveWidthMs6=0.000000e+000
m_dWeldWaveWidthMs7=0.000000e+000
m_nLasetExtOutputIndex=0

[qq]
LOOP=1
MARKSPEED=1.000000e+003
POWERRATIO=5.000000e+001
FREQ=20000
STARTTC=300
LASEROFFTC=100
ENDTC=300
POLYTC=100
JUMPSPEED=4.000000e+003
JUMPPOSTC=500
JUMPDISTTC=100
m_nMinJumpDelayTCUs=10
m_nMaxJumpDelayTCUs=85
m_dJumpLengthLimit=1.000000e+001
ENACCMODE=0
BreakAngle=8.900000e+001
ENDCOMP=0.000000e+000
ACCDIST=0.000000e+000
POINTTIME=1.000000e-001
CURRENT=1.000000e+000
PULSEMODE=0
PULSENUM=1
FLYSPEED=0.000000e+000
YAGMODE=48
QPULSEWIDTH=1.000000e+001
STEPLEN=2.000000e-002
STEPDELAY=100
SPIWAVE=0
m_nFiberPWIndex=0
WOBBLEMODE=0
WOBBLEDIAMETER=1.000000e+000
WOBBLEDIST=5.000000e-001
m_bEndAddPt=0
m_nEndPointNum=1
m_dEndPointDist=1.000000e-002
m_dEndPointTime=1.000000e+000
m_nEndPointCyc=1
m_dPointDist=5.000000e-001
m_nMaxLoopNum=100
m_bEnableWeldWave=0
m_dWeldWavePower0=1.000000e+002
m_dWeldWavePower1=0.000000e+000
m_dWeldWavePower2=0.000000e+000
m_dWeldWavePower3=0.000000e+000
m_dWeldWavePower4=0.000000e+000
m_dWeldWavePower5=0.000000e+000
m_dWeldWavePower6=0.000000e+000
m_dWeldWavePower7=0.000000e+000
m_dWeldWaveWidthMs0=1.000000e+001
m_dWeldWaveWidthMs1=0.000000e+000
m_dWeldWaveWidthMs2=0.000000e+000
m_dWeldWaveWidthMs3=0.000000e+000
m_dWeldWaveWidthMs4=0.000000e+000
m_dWeldWaveWidthMs5=0.000000e+000
m_dWeldWaveWidthMs6=0.000000e+000
m_dWeldWaveWidthMs7=0.000000e+000
m_nLasetExtOutputIndex=0

[new]
LOOP=1
MARKSPEED=1.000000e+003
POWERRATIO=5.000000e+001
FREQ=20000
STARTTC=300
LASEROFFTC=100
ENDTC=300
POLYTC=100
JUMPSPEED=4.000000e+003
JUMPPOSTC=500
JUMPDISTTC=100
m_nMinJumpDelayTCUs=10
m_nMaxJumpDelayTCUs=85
m_dJumpLengthLimit=1.000000e+001
ENACCMODE=0
BreakAngle=8.900000e+001
ENDCOMP=0.000000e+000
ACCDIST=0.000000e+000
POINTTIME=1.000000e-001
CURRENT=1.000000e+000
PULSEMODE=0
PULSENUM=1
FLYSPEED=0.000000e+000
YAGMODE=48
QPULSEWIDTH=1.000000e+001
STEPLEN=2.000000e-002
STEPDELAY=100
SPIWAVE=0
m_nFiberPWIndex=0
WOBBLEMODE=0
WOBBLEDIAMETER=1.000000e+000
WOBBLEDIST=5.000000e-001
m_bEndAddPt=0
m_nEndPointNum=1
m_dEndPointDist=1.000000e-002
m_dEndPointTime=1.000000e+000
m_nEndPointCyc=1
m_dPointDist=5.000000e-001
m_nMaxLoopNum=100
m_bEnableWeldWave=0
m_dWeldWavePower0=1.000000e+002
m_dWeldWavePower1=0.000000e+000
m_dWeldWavePower2=0.000000e+000
m_dWeldWavePower3=0.000000e+000
m_dWeldWavePower4=0.000000e+000
m_dWeldWavePower5=0.000000e+000
m_dWeldWavePower6=0.000000e+000
m_dWeldWavePower7=0.000000e+000
m_dWeldWaveWidthMs0=1.000000e+001
m_dWeldWaveWidthMs1=0.000000e+000
m_dWeldWaveWidthMs2=0.000000e+000
m_dWeldWaveWidthMs3=0.000000e+000
m_dWeldWaveWidthMs4=0.000000e+000
m_dWeldWaveWidthMs5=0.000000e+000
m_dWeldWaveWidthMs6=0.000000e+000
m_dWeldWaveWidthMs7=0.000000e+000
m_nLasetExtOutputIndex=0

